gene,file,seq_len,max_pos,pct_match,flag
ALK,ALK_Q9UM73_human.fasta,1620,1598,100.0,OK
APC,APC_P25054_human.fasta,2843,2844,94.68,TRUNCATED
ATM,ATM_Q13315_human.fasta,3056,3057,100.0,OK
BRAF,BRAF_P15056_human.fasta,766,712,100.0,OK
BRCA1,BRCA1_P38398_human.fasta,1863,1862,100.0,OK
BRCA2,BRCA2_P51587_human.fasta,3418,3419,100.0,OK
CDKN2A,CDKN2A_P42771_human.fasta,156,153,94.23,MISMATCH
EGFR,EGFR_P00533_human.fasta,1210,1203,100.0,OK
ERBB2,ERBB2_P04626_human.fasta,1255,1216,100.0,OK
HRAS,HRAS_P01112_human.fasta,189,179,92.5,MISMATCH
KIT,KIT_P10721_human.fasta,976,943,100.0,OK
MET,MET_P08581_human.fasta,1390,1390,100.0,OK
MYCN,MYCN_P04198_human.fasta,464,424,100.0,OK
NF1,NF1_P21359_human.fasta,2839,2839,99.36,OK
PTEN,PTEN_P60484_human.fasta,403,404,98.8,TRUNCATED
RB1,RB1_P06400_human.fasta,928,888,100.0,OK
RET,RET_P07949_human.fasta,1114,1108,100.0,OK
STK11,STK11_Q15831_human.fasta,433,421,100.0,OK
TP53,TP53_P04637_human.fasta,393,394,100.0,OK
TP63,TP63_Q9H3D4_human.fasta,680,678,98.92,MISMATCH
TSC1,TSC1_Q92574_human.fasta,1164,1159,100.0,OK
TSC2,TSC2_P49815_human.fasta,1807,1808,100.0,OK
VHL,VHL_P40337_human.fasta,213,214,100.0,OK
WT1,WT1_P19544_human.fasta,449,515,2.27,TRUNCATED
